==================================================
RISULTATI VALUTAZIONE SUL TEST SET
==================================================
Epoche totali       : 21
Best Val Accuracy   : 0.9302
--------------------------------------------------
Accuracy            : 0.9293
Precision (macro)   : 0.9304
Recall    (macro)   : 0.9308
F1-Score  (macro)   : 0.9303
--------------------------------------------------
CLASSIFICATION REPORT
--------------------------------------------------
              precision    recall  f1-score   support

   buildings       0.96      0.91      0.93       437
      forest       0.94      1.00      0.97       474
     glacier       0.90      0.88      0.89       553
    mountain       0.90      0.88      0.89       525
         sea       0.95      0.97      0.96       510
      street       0.93      0.95      0.94       501

    accuracy                           0.93      3000
   macro avg       0.93      0.93      0.93      3000
weighted avg       0.93      0.93      0.93      3000

--------------------------------------------------
STORICO TRAINING
--------------------------------------------------
Epoca    Train Loss     Train Acc     Val Loss     Val Acc
1        0.4166         0.8676        0.2203       0.9252
2        0.1791         0.9385        0.2378       0.9216
3        0.1074         0.9657        0.2782       0.9227
4        0.0754         0.9755        0.3055       0.9131
5        0.0542         0.9838        0.3122       0.9241
6        0.0473         0.9840        0.3077       0.9209
7        0.0330         0.9887        0.2970       0.9270
8        0.0349         0.9877        0.3056       0.9223
9        0.0318         0.9913        0.3763       0.9152
10       0.0295         0.9903        0.3438       0.9255
11       0.0287         0.9903        0.3359       0.9302
12       0.0218         0.9929        0.3144       0.9291
13       0.0195         0.9934        0.4307       0.9198
14       0.0231         0.9921        0.3519       0.9248
15       0.0229         0.9922        0.3697       0.9230
16       0.0174         0.9947        0.4017       0.9280
17       0.0279         0.9910        0.4014       0.9149
18       0.0180         0.9939        0.4601       0.9099
19       0.0198         0.9934        0.3945       0.9088
20       0.0179         0.9936        0.4017       0.9273
21       0.0140         0.9959        0.3773       0.9270